165
241
411
134
239
31
256
36
115
342
455
17
399
490
88
308
169
225
390
158
264
37
498
199
74
206
496
299
125
28
29
252
329
464
402
114
485
280
279
354
443
143
323
186
3
79
270
360
391
27
285
306
219
159
292
106
334
84
18
33
444
228
413
330
157
87
58
331
347
395
4
12
221
298
218
304
168
338
305
162
310
255
68
196
351
121
428
276
56
190
332
30
266
427
482
344
243
15
343
137
257
49
193
227
104
188
432
153
350
456
439
167
470
398
353
420
105
198
440
222
102
366
46
189
20
410
481
426
436
345
232
90
489
144
5
187
250
392
442
394
117
358
127
409
128
155
211
195
13
421
248
414
273
377
149
290
200
77
62
318
309
484
152
312
148
48
21
60
216
478
44
269
403
120
164
336
275
282
133
346
172
460
65
320
289
387
431
382
483
14
224
495
126
433
371
150
389
229
337
381
50
449
416
326
462
85
145
166
468
486
116
45
324
271
6
26
42
476
475
156
370
313
147
471
405
231
81
204
386
408
10
78
7
113
136
459
146
129
430
480
161
212
132
234
185
378
9
437
379
170
130
406
277
272
453
401
262
67
424
237
284
364
361
99
278
80
53
210
11
8
215
194
373
447
151
412
451
258
300
302
448
177
374
40
39
315
184
66
75
375
494
328
73
265
108
61
261
220
472
314
55
362
191
76
249
359
479
469
22
111
138
341
208
70
466
473
179
452
35
25
467
122
160
217
89
368
118
24
47
203
119
450
63
201
140
163
86
274
230
83
109
357
380
446
383
93
445
213
339
178
288
82
131
23
101
493
69
317
19
175
325
463
94
247
38
267
429
244
307
286
51
388
396
181
52
103
369
260
461
124
32
415
365
393
110
180
141
281
100
477
97
154
457
487
287
454
356
233
173
333
240
34
349
372
367
458
283
301
322
223
348
183
112
98
438
259
139
499
107
491
235
434
316
294
465
16
205
197
92
397
352
435
54
355
246
2
384
123
242
238
441
474
376
1
417
500
192
297
492
423
171
321
182
253
295
72
41
340
91
209
296
319
303
293
254
363
176
327
422
385
263
335
407
311
497
96
135
400
207
425
236
57
71
419
268
174
291
245
251
226
404
214
488
202
95
43
59
64
418
